INDEX ,SCRIPTORUlL .-

..--..-

Anacrson 4733. 43836.

Aristophanes (Acharn, 1) 316,
loe-3878.898,l9.-(Acharn.
631) 48230. - 4323. 6043.

Aristoteles 16333. 1733. 1863.
13634. - (ΡοΙί1. 13) 26036
et 37130 6137633. - 337,
16. 3383. 34130. 31231.

6068.
3461166237. 67033.Ι
Callimachus 6213.
Comicus 26331.
Crates 26738. 26836. 27633.

Demosthenes (133) 4430. -
(18308) 231,8 et 26332. -
30631. 31633. 36034. 60236.

60737. 6643.
Empedocles 233,7.
Epicharmus 3206
Eupolis 264, 6.
Euripides (f'r. 476 Nauck.) 68,

10- m.mwmw4

266,,-1 103, 18. 160 3

6666666-

277,.1 16. 236,.1 321,.6 320,
14.- (fr. 478) 319,10'.- -(.fr
488) 26532. 384,4. 4633. 600,
4. 60616 3433. 40222
42236 42611 67314
Heraclitus 214 24 233 21

Herodotus (1, 114) 168- -,(1 8)

46,.-22 602,.11 604,6.

’ Hesiodus¹ 2063 2701. 31713

66666663.

Hippocrates 60637. 67130.
Homerus (Od. α init.) 1436.-
633. 6434. 666, 6736. 6331.
6666666Η6
6666-6η36
8621. - 8616. 17. 22. 366.
3434. 3331. 10230. 10833.
6636666663
8. 10. 16. 20. 1466. 14612.
66666666.
1666. ltus. 18. 23. 13132.
134,6. 23838. 20. 23331. 247,
17. 24336. 2666. 2661. 270,
1. 27231. 28130. 2983. 8.
30131. 3131312. 13. 31621.
366666666
32416 326,.3 11. 13 32616.
32730. 33213. 336,.22 34131.
3668. 3761. 33419 3984.
403,1.426,8.423,.811.430.11.
43614 44112 444,.5 814.
460 3.7 4643. 471 21. 486 2.
’6366666Μ4
666-666ω6
w-fflummme
617,,4 623,.4 6266 6374.
64113 643,.7 551,’4. 66436
66612 6633. 67624 68632.
- (ll ζ. 606 616, 263) 634,
s.- 616666-
606416 (4, 8) 2 3
3,37) 112 28
Melanthius 483, 1.

-6,66

 

